1869
4027
3571
3998
4844
4936
2310
3681
3774
4522
270
274
4837
4659
2446
2447
2444
2445
2448
2046
2045
2042
2040
4814
4819
4818
2048
2049
4978
2142
3158
5298
3513
3511
3510
3517
3516
3514
2682
1436
3393
3207
1993
5181
5186
5187
5189
5059
2860
2861
3696
559
2865
2866
2867
2868
557
556
552
1438
1439
3342
5452
3341
5454
3345
1758
1753
1750
4259
4258
4252
4255
4256
1284
1287
1286
1282
1289
1288
1579
687
686
622
4389
4388
625
2036
4383
4382
5625
4380
4387
5622
5621
5620
4268
1373
1372
1375
1376
2745
4597
3834
3836
3837
3830
3838
4030
4037
4846
4843
390
395
4345
2307
4620
2453
2452
177
172
171
170
3698
2052
2055
2054
2057
2056
4826
4535
4536
4825
3694
4820
3697
1505
3524
3525
3523
4538
2697
2696
2695
3220
3233
1968
1618
1617
1615
5191
5190
1962
5192
3355
3354
3356
3353
3358
5443
5440
5445
5444
1768
1760
1761
690
1542
1543
1548
1549
761
5619
5613
5610
5614
5615
1388
412
1384
1380
1381
3325
4532
3820
3829
4282
4283
4280
4281
4284
4285
4288
4289
368
369
367
360
1774
1777
386
6177
4758
4754
4756
3759
3758
3750
3754
3756
2190
2191
258
2193
2200
2201
2204
2205
2206
2428
4813
2422
2423
2426
160
161
162
4838
3688
4831
4833
4832
4523
3686
4521
2518
2519
2516
2513
2735
2736
2737
2732
2733
5296
4426
5294
5292
2739
3531
3532
5058
3534
3537
3539
5056
1815
1816
1812
1813
1979
1976
1975
1974
1973
1604
3223
807
806
2847
2842
3324
5473
3326
3329
5275
5276
5277
5272
1772
1779
5279
1553
1557
3034
3032
1559
535
534
533
532
531
5607
5606
5600
5603
536
3290
1397
420
423
422
425
1392
426
3814
3819
3518
4299
4298
4297
4296
4291
4290
1972
2183
2182
2180
4608
4606
4607
2189
223
222
4600
4601
2213
2216
2215
2214
2219
157
156
2432
2431
2430
4519
4512
4513
4511
4516
4515
2506
2501
5288
2724
2723
5281
2729
5286
5047
5046
5045
5040
3782
3783
3781
3787
3784
3785
3788
3789
4997
4994
4995
3258
1942
1940
3256
3257
810
1252
817
2858
2853
2852
2855
2856
3333
421
3330
1495
1496
1497
1498
3203
5267
5266
5265
5263
5262
5261
5260
5269
5268
3658
1390
2988
3029
3027
2987
4474
525
527
3952
528
1012
1235
1237
1230
1231
4198
4196
4195
4193
5670
5671
5672
4358
4359
4354
4356
4350
4353
4901
4903
3806
2864
4777
4772
4773
4778
4779
4175
4176
4177
4172
4179
5819
5810
5811
5812
5815
5816
5817
4889
4618
4610
232
2221
2705
145
5069
5068
4501
4500
4509
2088
2089
2083
2080
2081
2086
2087
2084
2530
2536
2534
2535
5453
5072
5070
5071
5076
5077
5074
1830
1836
1835
3795
3794
3797
3796
3791
3790
3793
3792
2154
4982
4984
4987
2153
4989
5381
5384
5386
5388
1954
1956
829
825
826
820
823
1481
1480
5498
5499
3308
3309
3306
5496
3305
3300
1713
5253
1710
5254
1714
612
2415
2414
3051
2419
4975
3012
4396
3011
3017
511
513
623
4188
1221
1220
4181
4180
4182
4185
5662
4349
4346
5669
4342
2883
2880
2881
2887
2889
3872
3874
3875
3876
12
2740
3901
3902
3903
4761
4760
4763
4762
4765
4764
4766
3193
4167
4165
4163
4161
4160
4168
5809
5802
5801
5800
5805
5804
201
3474
833
2239
3472
2230
2234
5093
3498
3499
3496
3497
3494
